50 800
6 5 1 4 6 9 5 2 2 7 8 5 1 1 3 2 4 8 9 2 7 8 2 2 10 2 7 8 2 2 2 10 3 3 10 2 4 8 1 2 3 6 4 4 10 10 5 1 4 10 10 3 3 10 6 2 4 2 8 3 10 10 8 3 6 6 5 10 1 6 3 1 9 2 4 1 8 7 7 3 5 8 4 2 7 1 9 10 7 8 10 9 6 1 1 10 9 3 8 10 2 6 6 6 5 1 6 7 10 5 9 8 6 2 7 8 7 7 4 5 5 1 3 7 3 6 3 1 10 8 4 9 9 3 3 9 5 8 3 8 7 1 10 5 9 6 10 9 3 7 7 1 9 3 8 1 5 4 3 10 2 9 10 10 7 2 9 7 7 3 7 5 1 4 8 10 6 10 8 1 3 1 4 7 9 6 3 3 2 1 2 1 4 6 6 10 6 10 1 4 4 3 3 4 8 3 9 9 2 10 1 10 4 2 6 2 9 6 1 1 7 5 3 7 9 6 8 4 6 6 5 7 8 4 5 3 6 1 7 1 5 3 6 7 9 8 4 2 8 8 3 6 10 5 7 4 9 3 4 1 10 3 9 10 7 7 8 4 3 10 9 9 4 10 2 3 10 1 10 8 5 3 7 4 2 1 1 8 6 3 9 6 3 3 8 10 9 8 10 4 6 2 7 9 7 5 8 6 10 5 3 7 9 2 8 9 3 10 3 10 6 1 3 10 8 7 7 6 7 2 8 2 5 9 4 2 4 9 3 6 2 5 9 3 8 5 3 5 10 3 10 4 2 5 3 9 7 10 5 3 7 7 10 9 6 9 1 5 6 8 10 1 5 3 9 8 5 7 2 6 7 6 8 10 3 5 1 9 6 8 7 8 2 4 2 3 5 3 7 6 5 2 1 10 6 10 3 9 8 10 7 1 3 7 8 9 2 9 4 8 7 5 6 9 3 8 8 1 4 9 10 5 3 3 8 9 5 9 4 2 8 4 1 4 3 8 5 10 3 3 2 9 10 3 4 4 6 7 3 1 5 3 1 4 3 3 4 1 1 3 3 1 3 1 4 2 2 10 6 7 4 10 3 3 4 7 4 8 5 9 5 3 8 1 6 2 7 3 7 3 1 7 7 3 10 9 7 6 9 5 5 7 7 6 10 2 8 3 7 3 2 9 7 1 4 2 8 7 2 9 3 7 6 9 1 7 3 8 10 8 3 6 6 8 7 10 6 7 10 4 3 5 5 10 8 6 8 2 9 10 5 2 7 10 9 5 10 2 5 4 1 3 3 5 5 5 2 6 6 10 5 5 6 3 6 10 10 9 10 6 2 4 9 4 6 8 9 6 3 4 1 6 9 5 6 10 5 8 3 4 6 3 7 9 8 6 6 4 3 5 8 7 7 6 9 4 8 4 4 10 1 8 8 9 1 6 6 6 4 6 5 7 6 5 3 4 6 7 10 6 4 9 1 6 7 2 4 1 10 4 7 3 8 1 6 10 4 6 9 7 9 5 10 9 4 5 4 9 4 6 2 8 10 4 3 2 9 6 4 1 5 5 2 5 2 9 8 2 7 1 1 3 1 4 3 1 4 7 1 6 4 5 4 8 9 1 9 8 8 7 7 1 6 6 9 2 9 1 4 9 2 10 9 8 3 7 4 5 5 10 6 4 8 3 1 7 4 1 7 1 8 2 8 8 3 7 10 2 10 9 1 8 8 10 4 5 10 2 2 9 9 4 5 8 4 6 2 3 3 1 5 8 10 3 6 3 10 3 5 4 5 4 7 9 2 1 10 9 8 1
11101100011001111110100100011110010110110000101100
10011100110101111011111011111011111010000100000011
00001010000110000000111011110101011111100101000001
00110001000111001111010010101011011011010111011101
11010100011111010100000011000000000100100001110000
00101110100010111001010100101101011111111001101110
11101111100010001110111000001000001101011100011010
11011011010110011101110011010000000101001010000001
01001100101110010111111001001010011000011110010000
00001011011101111111000110011001100100011110101000
01010101100111110110010001000100100000000100010110
10100100111110010100101101100111101101011110111011
10010000111010000000110100011100001100011010100110
01101110100110001100000110001101111000111101110001
00111000000001011110010011001000011000000000001001
00101011110010111000000111111100111001101100011000
11000110110011101101101010000100001000011001111111
10001000010000001000010101110101101000100000111111
10111010010101000010000111011100011101110000100101
11100110101010110100010011010011101011100011101100
01000110010010101100000100010000101110111101101101
10011011101001101101110110101001111100001001100111
11000100001101011001101100110001100010001101111011
10100111001100011110001001101000010111011000000111
10101100111001001110000001001110101011110000101010
10100000101110001100101111000011100010100111011010
00000101011110001110101111000001110110110101101001
10011010010101110111100100011100010101100010111001
11100001110010101000010111001111000001110001110001
11011101010110001000000000110111011011010001100110
11010100101001011111100110101100000001100101011001
11100110101000100100010100011110001110100000111101
01110101101101110011101101110001000110110101100100
01111001100111011000110001111111111010100010010110
01100010010101000100001111011010111010001010010110
01101011111111111110001010111110100101110011000100
10010110110011010010101000101110111100001111111011
10111000010110100111101110111001011000111011110000
11011110011000001000001000101111110001101100110101
00000110011100011111100110111010100011111000011111
11000000001100010110000100011101011011110000111010
00000100110011111001111000110110010110000110001111
00010001000101000010110011011010011000010111010001
11011000110010001110110101100110111000110010100000
11101000001001000101011000111101011111000110011111
10111111011110100001100111101100101010001100000111
10100111010000010101011100100110011010000000001010
10111010000000111111100010100000111000101101010011
11001101100000000101011101110111001010001111110001
10100010010001111101011101101000110100110010110110
